Evaluation Metrics:
RMSE: 0.101848924115008
MAE: 0.826238876204443
NSE: 0.584451876616748
Rsquared: 0.612034799477835
