Evaluation Metrics:
RMSE: 0.11421277629911
MAE: 0.726916798771027
NSE: 0.477438016974928
Rsquared: 0.564432983415561
