Evaluation Metrics:
RMSE: 0.111866011118574
MAE: 0.978063020040352
NSE: 0.539123337146491
Rsquared: 0.569914380842819
