Evaluation Metrics:
RMSE: 0.117912265688453
MAE: 0.851798449279932
NSE: 0.487957061103437
Rsquared: 0.536025287770891
