Evaluation Metrics:
RMSE: 0.102623341299201
MAE: 0.641426840568858
NSE: 0.578108539040422
Rsquared: 0.635105381266082
