Evaluation Metrics:
RMSE: 0.133060626693001
MAE: 1.00222452263944
NSE: 0.347940026724823
Rsquared: 0.405476308761345
