Evaluation Metrics:
RMSE: 0.104744842708444
MAE: 0.709336948254574
NSE: 0.595932695435184
Rsquared: 0.626335999986214
