Evaluation Metrics:
RMSE: 0.121654933242423
MAE: 0.76145329519865
NSE: 0.454935544164904
Rsquared: 0.510549573648158
