Evaluation Metrics:
RMSE: 0.0614487806228665
MAE: 0.23721989003227
NSE: 0.848736211794004
Rsquared: 0.892356794295087
