Evaluation Metrics:
RMSE: 0.0707028532606156
MAE: 0.27449636150944
NSE: 0.79974548582576
Rsquared: 0.868023418661277
