Evaluation Metrics:
RMSE: 0.0645420276505494
MAE: 0.400032159522239
NSE: 0.833124091087904
Rsquared: 0.869986327032223
