Evaluation Metrics:
RMSE: 0.107460454790284
MAE: 0.626441448915284
NSE: 0.574709422151499
Rsquared: 0.611148830721792
