Evaluation Metrics:
RMSE: 0.1133355116486
MAE: 0.701785212781621
NSE: 0.485434750716816
Rsquared: 0.518594013084726
