Evaluation Metrics:
RMSE: 0.125076472287747
MAE: 0.79521851747384
NSE: 0.373300019125231
Rsquared: 0.422966511737875
