Evaluation Metrics:
RMSE: 0.123342458261696
MAE: 0.841165228098185
NSE: 0.439709043929157
Rsquared: 0.465768247325648
