Evaluation Metrics:
RMSE: 0.112931749717703
MAE: 0.846556178087621
NSE: 0.489094535297532
Rsquared: 0.503539690550159
