Evaluation Metrics:
RMSE: 0.118956989658885
MAE: 0.944347325780431
NSE: 0.478843278458785
Rsquared: 0.491713266472327
