Evaluation Metrics:
RMSE: 0.135430601351347
MAE: 0.967510527721083
NSE: 0.32450517466576
Rsquared: 0.368260505705599
