Evaluation Metrics:
RMSE: 0.0938495390533904
MAE: 0.693198518510608
NSE: 0.647164136592378
Rsquared: 0.649669998826929
