Evaluation Metrics:
RMSE: 0.0919708844634245
MAE: 0.552594074928087
NSE: 0.661148696944043
Rsquared: 0.682195975241121
