Evaluation Metrics:
RMSE: 0.118381969932553
MAE: 0.808016556296565
NSE: 0.438590756217532
Rsquared: 0.476931858196663
