Evaluation Metrics:
RMSE: 0.103890784717519
MAE: 0.830642975520835
NSE: 0.602495118809238
Rsquared: 0.603762730333282
