Evaluation Metrics:
RMSE: 0.111557886272855
MAE: 0.79404144047123
NSE: 0.541658727042302
Rsquared: 0.551815986581741
