Evaluation Metrics:
RMSE: 0.127797518162775
MAE: 0.938130253756949
NSE: 0.398503295225467
Rsquared: 0.42441468829885
